0.00 96 0.09885000 0.00080743 0.88397250 0.02835375 0.90756250 0.02852974 398.50000000 12.43121072
0.25 96 0.11282500 0.00047944 0.84515000 0.00625161 0.86856000 0.00628627 411.42500000 11.91280233
0.50 96 0.14415000 0.00057288 0.85473750 0.00431110 0.87818250 0.00434172 400.35000000 11.43566515
0.75 96 0.18512500 0.00097030 0.85805000 0.00574586 0.88149750 0.00577084 400.72500000 13.43870285
1.00 96 0.22037500 0.00139584 0.85220250 0.00428530 0.87574250 0.00430782 417.67500000 14.72902693
1.25 96 0.23965000 0.00191753 0.84338500 0.00516507 0.86673500 0.00518657 443.55000000 28.00002121
1.50 96 0.24735000 0.00316693 0.84528000 0.00723203 0.86857250 0.00725720 427.80000000 17.50597041
1.75 96 0.24917500 0.00411322 0.86460750 0.00697838 0.88802250 0.00694171 403.45000000 15.16014306
2.00 96 0.25945000 0.00429868 0.84975750 0.00768983 0.87337500 0.00771826 409.40000000 17.47247120
2.25 96 0.25512500 0.00445676 0.85930000 0.01613481 0.88273250 0.01607960 461.67500000 25.60198692
2.50 96 0.25785000 0.00481217 0.85937500 0.01123735 0.88295000 0.01112696 402.82500000 16.42315011
2.75 96 0.26297500 0.00525993 0.85381750 0.00787296 0.87757250 0.00790783 421.32500000 18.61999555
3.00 96 0.25680000 0.00416236 0.85531250 0.00770974 0.87885000 0.00769941 425.80000000 15.70148082
5.00 96 0.26662500 0.00380143 0.83804750 0.00594739 0.86196000 0.00601344 419.40000000 16.91762395
10.00 96 0.26662500 0.00380143 0.83804750 0.00594739 0.86196000 0.00601344 417.10000000 16.97420101
