 2 16 1.17506750 0.00241138 1.19534500 0.00241645 176.41250000 1.15659708
 2 32 1.18278125 0.00175922 1.19304750 0.00176028 760.53750000 12.07044355
 2 64 1.19449875 0.00206548 1.19967625 0.00206610 2729.86250000 15.28727763
 2 96 1.19674416 0.00192448 1.20020909 0.00192425 5908.42857143 33.74106669
 4 16 1.00109125 0.00210939 1.04074875 0.00213099 61.26250000 0.99573210
 4 32 1.02236875 0.00213869 1.04268250 0.00214373 248.55000000 4.80630770
 4 64 1.03232750 0.00212454 1.04261250 0.00212594 807.23750000 8.47020963
 4 96 1.03740000 0.00202285 1.04428750 0.00202353 1728.45000000 11.84857455
 8 16 0.95322500 0.00290917 1.02907750 0.00301341 37.30000000 1.04618354
 8 32 0.98556750 0.00298650 1.02520500 0.00301663 151.36250000 3.46099894
 8 64 1.00276500 0.00300146 1.02308000 0.00300905 323.55000000 5.58118771
 8 96 1.01667722 0.00377165 1.03033418 0.00377543 627.26582278 14.70894474
16 16 0.88404875 0.00711200 1.01704125 0.00724138 60.72500000 2.20397191
16 32 0.94026500 0.01130661 1.01697500 0.01179030 133.31250000 3.39717685
16 64 1.00599250 0.01356224 1.04634750 0.01378392 240.43750000 3.99197804
16 96 1.01582375 0.01993869 1.04293750 0.02003144 371.97500000 12.57286233
